100
36.38 7.98 64.93 71.54 14.24 61.08 11.41 42.77 88.44 11.95 10.20 40.16 18.58 80.96 28.77 21.94 37.53 99.93 47.68 52.68 15.19 49.90 22.68 18.78 13.48 39.48 20.87 23.46 35.67 89.15 8.96 1.83 23.19 37.30 21.91 46.75 2.96 33.53 89.80 86.06 38.54 34.95 51.40 1.74 87.99 70.90 32.26 31.77 21.80 92.04 15.64 45.15 3.82 69.06 84.31 30.86 88.47 56.95 61.38 91.28 37.25 90.24 28.31 80.71 7.71 25.00 48.12 79.66 18.02 93.05 72.07 45.48 40.23 84.18 57.84 30.03 25.40 21.91 77.33 4.93 13.66 48.36 42.30 85.02 32.36 84.04 25.80 90.77 35.45 77.97 7.77 40.13 87.19 13.89 22.65 10.48 43.29 88.20 37.34 61.39 95.65
32.66 25.09 37.54 58.64 92.93 44.74 50.63 90.38 62.65 49.92 83.15 15.75 83.64 46.94 1.11 36.86 16.27 66.24 31.17 34.56 21.07 98.55 10.84 58.79 9.56 11.97 65.83 13.92 17.65 65.88 42.71 29.95 4.55 87.02 74.91 60.05 30.46 23.57 10.26 95.02 15.98 42.76 78.25 35.46 36.65 87.70 24.92 12.12 55.39 58.95 93.80 95.18 46.31 36.58 80.76 82.94 12.76 8.24 41.08 10.67 52.88 18.92 76.76 70.25 75.70 8.06 82.24 81.08 21.01 49.51 76.61 3.06 86.01 60.11 0.55 32.14 11.97 92.45 5.94 69.14 33.91 77.34 16.44 2.43 46.56 31.85 87.09 95.11 89.61 98.32 41.00 17.27 5.46 30.05 11.39 14.03 72.49 89.30 66.98 49.98 52.39
67.14 73.26 48.92 20.48 57.72 33.55 97.34 70.76 83.26 4.86 95.75 13.10 20.41 8.43 11.24 83.00 91.56 46.00 58.77 24.73 17.27 49.73 67.57 47.12 66.22 3.88 77.88 39.95 5.69 3.72 45.96 91.86 5.79 67.42 85.79 0.13 0.47 66.52 25.28 13.15 58.56 90.48 5.32 96.09 67.86 11.14 99.70 60.44 85.44 62.54 84.10 48.10 57.29 1.84 32.15 10.49 60.39 66.90 66.86 73.50 70.46 96.16 45.37 28.72 8.28 26.44 5.24 41.75 67.99 34.33 50.42 18.05 80.26 36.75 4.98 17.05 13.57 16.25 12.70 55.20 66.70 86.86 10.75 88.38 55.59 65.90 55.45 14.55 47.57 67.49 28.38 87.08 46.29 83.36 0.78 79.44 80.28 66.65 84.62 91.95 0.08
98.39 84.18 48.17 41.03 25.15 52.96 24.45 21.81 79.25 26.43 90.51 84.57 8.22 46.26 45.79 15.61 42.47 25.06 67.59 63.32 21.72 75.86 71.82 99.95 97.09 53.90 57.14 59.77 61.88 26.26 60.68 44.20 14.17 35.14 3.32 34.56 4.39 70.28 52.81 3.08 70.98 16.21 82.75 62.75 17.25 89.85 55.65 46.72 32.61 34.30 8.04 57.70 11.18 84.16 65.96 78.24 71.12 68.27 68.77 82.32 27.50 65.35 29.54 38.86 22.18 78.14 10.03 47.98 63.51 41.78 38.52 0.41 79.22 32.00 48.44 0.80 35.42 88.68 66.13 45.49 25.05 20.51 25.65 95.47 78.69 6.35 38.95 34.98 1.02 58.81 99.36 56.59 85.96 65.88 46.68 63.16 13.65 76.01 71.85 27.51 10.85
82.42 42.38 89.42 0.27 78.79 92.10 55.96 6.64 38.72 35.63 62.41 22.60 3.21 82.45 78.65 71.28 21.32 78.30 78.31 30.05 3.81 29.75 21.99 88.96 80.44 31.69 26.99 51.22 64.20 63.43 1.68 16.24 75.40 68.88 72.72 35.99 28.89 86.65 83.06 85.09 37.53 45.47 89.05 35.59 34.89 90.75 34.65 76.67 70.56 57.76 30.95 70.20 80.88 57.18 19.11 82.67 88.52 88.48 44.69 84.00 33.81 46.97 21.83 54.14 91.10 39.96 15.02 87.75 73.12 77.70 16.89 37.84 76.60 54.85 49.98 88.88 72.27 87.91 70.61 0.03 92.24 24.34 3.14 9.09 17.99 89.08 82.53 37.84 22.12 83.83 33.42 89.37 66.85 5.09 63.95 78.04 12.57 96.16 2.27 82.64 57.17
39.41 99.16 53.95 63.44 35.06 22.29 8.50 33.77 51.90 88.30 72.90 26.65 86.59 79.53 60.53 47.22 85.30 45.29 13.45 51.47 27.56 87.21 86.16 42.06 92.04 88.08 69.08 21.67 57.20 99.92 79.80 94.60 40.11 56.81 0.13 57.32 26.41 28.19 87.29 68.42 94.68 78.20 37.23 38.68 88.20 46.69 28.14 31.98 37.31 17.54 22.44 17.44 85.54 89.94 55.28 63.68 22.50 18.16 87.65 15.60 76.78 35.54 52.33 44.47 71.91 28.31 70.67 11.81 98.53 74.81 68.42 37.87 5.94 15.72 68.72 15.14 66.04 71.05 90.37 57.62 12.92 69.43 29.45 26.48 11.11 5.24 52.52 22.70 55.71 89.37 79.44 87.32 57.47 9.19 83.96 99.93 15.89 63.21 90.23 16.07 12.16
33.66 86.30 93.31 34.05 75.33 30.86 81.85 31.95 23.45 19.75 91.00 65.30 35.39 36.44 63.80 66.23 53.71 68.18 49.00 34.49 73.54 67.67 13.61 61.15 19.79 48.92 98.13 75.58 37.51 82.91 92.80 56.18 48.43 8.68 62.77 95.75 76.90 25.52 0.45 61.87 98.16 81.76 33.17 43.02 12.36 25.90 64.19 21.18 97.16 35.73 75.22 61.27 42.22 90.88 68.70 58.32 18.66 4.67 77.68 32.84 86.59 80.70 21.77 15.06 93.85 9.85 36.97 8.64 69.08 73.45 57.76 74.56 62.26 67.95 79.42 25.67 35.86 17.05 78.68 72.70 59.64 86.72 21.05 12.15 12.35 68.68 32.64 96.92 43.36 48.23 64.84 80.07 97.35 21.73 29.90 72.53 55.29 79.58 35.48 5.26 44.38
94.67 20.27 96.39 36.55 22.22 11.05 51.63 95.02 82.27 60.98 64.73 99.04 93.72 21.85 35.72 43.12 18.93 82.65 2.70 91.90 17.54 73.29 61.18 72.44 88.35 43.05 79.32 5.26 52.50 29.51 37.22 65.03 80.83 83.49 68.31 11.24 18.88 65.69 31.09 79.69 12.36 80.67 89.15 75.31 86.34 63.71 27.86 57.02 81.32 86.22 85.56 55.12 99.24 95.38 27.66 12.04 62.56 53.57 41.54 86.83 39.60 93.17 80.50 14.25 39.12 52.49 34.87 58.92 27.47 8.35 58.44 55.21 71.27 70.97 28.14 73.53 58.80 56.76 65.45 3.59 3.24 4.71 97.26 95.29 80.86 51.95 84.63 47.82 7.31 34.07 97.45 87.66 5.10 25.94 63.00 26.08 65.46 88.52 66.81 36.73 17.94
57.58 37.40 33.70 43.95 88.52 98.59 67.28 62.55 66.81 67.32 75.87 79.44 72.82 35.32 63.20 18.00 89.19 2.29 11.80 75.60 94.29 37.22 37.30 75.07 71.87 5.11 41.77 20.57 40.14 24.72 44.21 98.70 53.17 73.07 16.29 15.19 78.00 2.14 1.50 8.13 0.41 83.62 45.86 28.05 62.53 47.11 18.19 25.71 85.38 27.57 48.25 38.08 79.58 87.54 60.73 13.23 97.17 29.81 33.25 64.64 27.85 66.09 56.57 95.74 92.59 57.48 24.97 85.06 37.97 92.09 35.14 72.89 84.06 15.73 21.54 39.78 29.24 81.03 6.38 17.77 64.97 30.85 92.44 24.85 3.65 81.46 76.74 63.21 72.62 21.06 13.25 72.08 77.62 89.51 2.73 75.62 88.57 54.62 37.88 16.58 29.89
51.09 50.79 81.88 16.32 76.56 95.60 8.39 51.85 14.18 49.88 81.31 90.39 57.86 37.07 2.21 72.34 91.31 87.25 3.73 82.94 24.22 21.76 16.94 3.56 22.88 43.73 90.92 83.00 88.20 50.35 92.57 19.63 84.36 32.47 64.80 94.81 71.10 77.08 71.30 48.37 42.96 38.38 5.91 36.66 28.34 93.00 94.78 63.88 51.78 45.08 69.44 27.23 12.35 96.69 38.87 66.62 81.43 49.39 38.74 59.40 72.94 52.42 85.91 50.97 89.17 63.22 16.34 61.58 95.25 35.87 34.50 60.32 25.57 3.07 52.46 46.55 75.06 67.35 46.73 29.68 78.63 66.99 11.02 47.77 31.75 32.49 32.99 15.68 55.44 98.98 73.18 43.24 58.65 90.43 74.20 14.24 1.29 41.01 78.33 66.78 79.60
10.94 69.55 81.61 65.57 56.37 72.41 2.62 6.90 31.06 50.65 94.02 46.80 49.82 36.88 74.97 93.12 11.56 37.67 12.59 52.05 31.46 56.90 30.58 69.78 95.54 15.87 73.08 59.96 40.87 35.70 1.96 57.39 14.49 97.58 55.62 88.84 14.09 46.72 47.44 1.43 63.73 55.33 31.99 39.21 27.67 10.54 17.17 8.71 15.27 42.63 50.35 23.87 80.41 59.39 56.67 71.19 68.20 2.12 57.57 85.51 12.43 89.00 47.80 77.28 36.59 61.29 58.90 1.74 61.84 98.17 87.32 10.72 74.88 15.70 15.35 77.72 58.89 15.64 2.89 36.85 40.77 99.65 78.34 26.21 57.59 14.58 6.55 76.48 95.61 44.41 62.07 35.15 4.84 14.52 85.80 67.21 42.29 23.90 53.20 22.74 77.27
47.11 70.85 32.07 12.24 0.64 87.93 58.18 80.03 74.56 51.71 6.75 16.72 20.29 82.87 87.98 0.98 2.67 2.48 44.71 11.56 31.11 59.85 80.36 0.03 91.38 97.74 95.28 64.79 31.05 70.48 59.63 17.22 1.77 80.69 0.85 80.33 11.56 50.08 33.96 10.73 90.14 90.15 12.78 84.38 20.48 88.31 30.08 36.97 39.70 74.97 44.98 99.22 62.42 87.43 65.58 18.15 29.69 95.99 64.94 4.52 36.66 8.00 58.69 97.39 42.03 15.52 22.19 86.21 12.53 2.06 75.51 81.25 5.44 74.26 14.34 72.78 42.32 33.86 14.81 69.85 77.10 55.80 90.61 59.10 11.64 88.02 30.27 74.41 61.79 38.50 92.85 17.78 27.33 65.28 90.24 22.37 68.52 35.01 34.01 97.98 49.95
42.86 65.69 75.06 49.93 4.68 19.20 14.20 11.71 21.20 59.30 11.74 82.16 7.68 40.60 74.20 7.73 35.23 44.35 46.31 0.56 14.07 26.37 86.45 32.81 5.60 93.04 53.53 98.13 66.23 70.75 83.60 80.58 76.18 84.64 84.17 21.96 56.44 12.01 24.49 27.87 26.86 26.26 49.79 3.33 8.60 96.89 97.71 58.52 24.04 61.05 44.99 75.24 97.30 32.58 62.56 74.74 8.44 63.85 7.17 77.53 4.50 26.18 27.62 95.87 20.53 24.46 13.83 49.43 13.67 11.58 66.73 44.81 63.44 18.29 17.28 9.65 41.41 64.03 72.51 21.75 3.29 64.60 16.95 23.97 6.61 1.98 47.39 65.55 7.13 72.18 69.17 60.31 37.08 76.60 32.13 2.57 18.33 72.57 34.36 31.27 60.31
13.69 48.72 71.79 82.97 69.43 40.75 61.87 24.29 52.03 53.28 19.32 4.56 32.57 3.36 12.23 19.14 21.52 51.28 76.50 24.13 7.38 34.35 16.88 93.06 2.07 69.22 72.52 56.25 46.34 38.29 75.47 13.32 78.22 26.08 79.94 59.65 17.70 20.94 90.63 17.28 70.77 47.78 68.24 10.99 5.86 47.57 40.21 80.00 5.93 69.08 94.84 66.21 49.25 88.59 87.05 69.28 21.97 23.09 33.59 9.40 15.74 52.78 26.26 88.28 13.33 18.20 40.80 89.04 15.52 7.99 69.99 5.56 12.29 2.52 58.76 41.93 51.50 89.35 69.67 72.70 8.10 15.87 56.74 4.43 7.17 94.96 75.79 29.32 3.63 29.17 9.51 11.34 72.05 69.09 35.18 95.72 9.47 71.49 13.39 82.21 1.39
4.50 72.92 25.75 52.91 75.65 44.40 39.72 95.17 32.20 42.69 28.76 10.24 60.68 23.98 25.87 48.28 89.96 35.43 38.61 60.40 38.28 50.28 3.82 8.30 95.17 62.17 10.08 22.09 41.48 4.23 66.10 47.08 60.65 8.63 43.09 70.01 44.26 72.15 69.35 65.37 45.07 43.45 5.01 52.52 80.68 97.64 75.33 4.12 40.81 13.82 90.37 96.64 1.55 21.09 29.43 43.36 99.40 28.80 18.16 0.71 68.56 6.59 76.67 88.47 94.34 29.90 66.58 14.39 85.92 56.42 15.25 44.04 21.57 49.36 45.32 6.29 69.48 12.96 87.55 75.22 37.29 55.86 5.31 19.02 53.41 48.19 8.62 56.49 33.38 87.66 86.01 11.79 34.29 40.60 32.24 8.05 50.33 73.35 0.13 90.48 9.86
52.81 39.70 54.41 19.60 27.55 40.06 55.95 25.20 12.87 17.90 54.36 61.68 91.32 9.12 17.05 55.39 38.22 10.00 73.08 84.54 80.16 79.31 99.59 82.41 66.62 40.18 29.33 4.40 7.74 97.52 7.06 49.57 81.48 36.38 73.17 77.31 63.22 17.02 2.57 9.76 80.97 32.31 76.95 60.52 49.22 43.06 18.59 80.49 84.72 56.86 63.83 61.22 57.13 66.16 4.24 86.50 77.88 11.11 73.81 72.93 80.06 82.81 10.04 89.83 92.84 32.71 67.26 99.34 63.19 3.60 10.19 7.35 28.31 47.91 65.89 65.59 91.69 49.00 62.29 15.92 6.01 10.95 31.29 17.11 16.09 32.54 4.68 44.91 64.77 31.04 80.95 5.98 15.18 31.47 91.14 56.30 92.19 86.83 41.79 64.72 42.81
96.42 45.05 63.21 12.24 93.78 28.31 41.13 67.65 33.78 40.17 59.89 30.16 99.60 66.34 35.25 79.69 43.18 84.60 64.98 25.32 8.38 49.53 75.38 92.71 95.35 67.67 91.78 40.90 69.22 28.73 11.23 49.34 66.26 8.49 5.41 65.57 0.65 8.98 31.99 54.31 24.93 51.65 82.52 38.57 47.32 88.97 44.88 73.29 58.94 50.40 8.61 42.31 74.16 87.97 91.10 19.18 37.20 37.41 12.77 82.43 97.96 60.30 99.43 25.98 10.42 82.89 39.93 55.34 56.55 97.27 77.17 10.08 48.97 40.38 60.66 3.38 15.43 16.66 38.71 19.14 18.28 79.88 18.41 57.34 11.94 39.66 71.51 68.34 91.72 8.59 14.28 66.55 36.84 55.29 39.62 64.30 1.00 79.13 29.31 16.45 51.01
53.50 72.40 24.74 16.33 24.07 85.21 84.19 33.70 54.53 59.11 4.67 35.31 10.47 44.82 36.59 78.73 55.92 69.75 69.35 19.99 44.28 70.99 15.89 25.81 28.65 59.33 74.41 30.83 44.47 29.95 95.44 30.66 67.90 85.46 32.14 51.31 2.79 86.84 2.35 85.51 99.61 97.87 40.03 36.79 59.18 38.91 64.73 61.67 24.67 15.28 46.77 50.82 14.65 36.25 96.50 39.63 0.58 89.92 55.77 88.96 81.68 89.95 19.59 26.61 60.51 59.44 66.20 90.13 72.09 67.85 23.75 61.66 70.02 86.40 51.47 35.40 22.44 77.70 63.81 8.25 21.17 85.17 75.27 34.38 56.95 37.88 94.44 34.30 64.16 36.46 45.06 98.98 87.84 35.63 42.42 79.80 76.47 89.19 3.12 4.79 19.50
53.26 72.71 16.39 11.89 69.50 50.00 55.03 39.87 92.66 98.61 54.15 67.41 32.73 60.20 35.74 41.11 59.68 31.30 7.38 82.99 15.32 60.18 13.00 18.04 72.56 65.36 63.94 12.64 45.30 41.41 28.45 64.17 2.01 67.74 7.64 32.81 86.16 85.88 76.12 55.78 96.61 60.96 15.46 34.98 31.05 93.02 18.43 38.33 45.71 93.76 92.37 5.74 34.36 94.22 39.69 0.18 79.79 99.36 43.57 94.37 80.89 54.72 37.16 34.01 8.39 41.16 84.24 67.88 92.50 63.09 49.54 85.61 95.46 45.90 86.84 53.66 72.22 8.19 22.98 90.20 72.30 24.40 65.86 69.48 85.95 43.59 14.61 96.28 87.89 79.76 0.06 41.14 81.51 39.59 33.56 76.94 96.84 3.05 92.31 7.48 45.69
45.35 22.59 19.44 28.69 84.74 56.50 66.74 13.02 96.70 2.10 58.40 57.80 31.06 44.27 3.63 88.00 19.14 85.17 36.62 54.14 9.57 70.55 11.58 15.96 29.79 78.36 31.34 52.45 26.17 85.36 37.34 88.83 85.98 77.18 39.36 81.23 94.35 17.69 13.01 49.52 29.30 43.04 43.07 99.06 48.01 96.23 40.88 21.96 67.34 67.71 13.94 18.39 91.93 57.58 15.65 28.71 92.77 25.27 53.58 16.91 89.58 41.93 84.20 96.04 39.97 11.57 72.23 36.34 88.57 76.26 42.85 46.48 79.24 71.18 4.75 68.79 83.52 45.08 72.16 78.91 48.37 11.83 64.18 30.58 16.44 48.61 9.16 36.17 21.82 6.40 32.73 23.57 14.62 48.46 57.13 60.09 17.33 82.31 90.33 83.97 98.82
66.07 0.89 32.85 34.09 40.10 98.55 80.57 18.67 32.34 77.45 51.40 13.27 64.39 10.06 14.30 29.11 98.94 73.23 48.40 41.97 52.71 19.73 10.61 22.56 63.25 2.55 39.76 58.84 12.40 17.86 75.32 10.96 59.88 82.13 18.98 89.45 89.82 9.06 17.04 97.26 23.59 1.86 91.91 26.34 1.95 26.75 0.68 49.25 89.65 82.95 49.00 96.62 5.59 35.12 38.41 60.87 31.76 23.64 75.07 17.01 3.93 18.52 18.25 1.03 37.40 32.42 96.57 36.49 90.73 58.50 70.06 50.00 20.78 48.72 66.37 66.28 31.98 98.18 69.02 23.16 73.17 51.13 86.00 97.50 84.97 94.27 76.70 82.36 50.84 53.07 65.43 6.22 55.02 56.49 19.53 34.78 0.41 86.04 20.32 46.03 70.60
89.55 74.52 4.87 19.20 21.78 70.28 6.82 28.13 9.76 32.47 74.44 79.86 68.47 73.00 93.79 88.89 79.75 10.81 95.43 27.80 85.57 54.05 72.59 44.95 13.16 75.85 88.96 89.67 85.08 99.18 4.34 35.79 17.35 56.68 96.10 44.03 58.84 40.70 4.71 53.82 74.98 9.62 81.41 45.26 28.89 65.67 66.15 61.91 63.18 70.18 73.93 34.80 35.38 11.66 17.66 98.55 10.22 92.52 45.69 40.03 61.94 49.90 22.08 70.34 89.58 76.37 27.78 60.57 98.60 55.99 10.84 32.13 51.68 81.52 63.79 42.14 42.15 68.15 56.22 54.59 92.92 29.76 0.88 37.86 34.08 32.86 81.14 79.25 62.42 94.33 18.27 57.09 35.88 38.11 6.38 61.12 6.08 76.88 93.27 1.74 76.95
42.04 34.06 35.39 98.75 48.28 71.91 4.80 90.15 30.35 41.29 76.54 51.81 10.98 18.75 74.36 68.35 49.86 46.49 2.89 46.16 70.37 40.97 44.61 8.93 46.20 85.62 49.44 66.46 51.04 73.37 95.35 97.36 24.55 14.67 47.91 36.20 57.58 76.44 97.04 5.82 49.96 67.84 99.00 85.32 43.74 38.26 1.81 54.52 85.28 3.24 82.17 5.27 19.07 64.01 72.00 60.52 66.55 36.10 2.87 91.56 93.05 52.89 46.14 74.11 15.88 59.46 77.34 73.92 56.76 62.60 42.50 2.55 91.82 52.40 54.88 33.78 1.99 61.26 0.07 21.48 77.29 75.71 77.58 9.42 77.87 66.88 57.11 73.71 4.97 55.11 77.61 88.51 85.06 74.34 67.16 55.54 20.15 51.97 11.98 88.19 70.18
7.37 69.77 52.52 90.62 81.14 21.47 34.82 22.69 80.85 32.60 95.31 91.25 97.20 58.35 7.12 58.35 0.50 24.92 65.98 7.20 3.86 30.07 44.00 56.23 64.40 68.50 89.28 62.10 75.86 97.57 99.51 2.19 55.31 9.21 47.83 77.19 77.53 23.40 88.85 24.44 59.84 69.00 23.13 82.68 50.69 67.49 48.16 98.67 25.09 85.30 74.02 16.60 40.00 70.29 31.77 40.57 52.78 38.04 52.77 11.09 55.89 23.55 46.99 85.95 30.90 64.06 58.54 66.27 74.96 28.45 26.37 58.30 2.86 59.06 28.45 11.52 77.83 41.34 37.44 23.86 74.11 67.10 66.02 54.35 24.55 6.95 29.99 34.22 56.27 57.50 7.25 16.70 67.50 79.05 20.85 56.40 48.81 89.30 24.13 58.78 76.33
1.77 28.72 16.15 90.39 58.18 63.26 65.60 90.41 53.05 39.99 71.07 74.27 54.42 61.26 36.14 69.82 3.04 93.08 87.12 76.76 65.32 73.28 11.75 89.99 52.30 35.09 46.90 77.33 8.08 11.83 93.43 52.50 20.68 38.21 86.35 33.74 58.43 13.95 98.28 28.83 85.18 45.40 4.57 37.13 57.25 30.60 87.94 9.20 55.38 3.63 11.01 54.64 54.77 3.67 34.63 38.89 86.30 84.57 10.30 59.41 92.14 30.40 24.69 42.07 28.78 92.77 24.48 48.22 20.63 15.34 99.56 33.16 17.40 61.39 52.78 46.56 58.23 9.81 34.32 15.59 95.86 35.39 68.86 1.18 83.82 38.84 53.67 68.21 79.87 42.25 55.63 60.18 68.78 15.64 85.51 19.03 57.54 50.14 77.45 40.62 67.22
46.17 43.54 51.89 6.64 27.27 13.67 89.96 83.53 17.33 5.45 97.57 28.97 73.13 7.04 87.27 96.58 96.05 40.81 55.99 79.63 77.77 44.78 86.81 84.07 90.19 10.05 52.86 71.78 72.82 89.95 51.54 64.55 20.83 46.52 47.08 49.40 26.73 49.83 49.71 75.91 78.92 95.97 9.35 86.16 70.21 59.13 52.19 67.92 19.41 43.51 38.11 71.72 59.12 50.69 67.15 82.36 92.89 28.01 13.09 85.59 74.82 13.68 12.38 20.54 14.73 44.13 86.34 58.43 62.09 39.33 25.05 98.41 71.73 31.69 10.71 20.88 4.53 54.09 8.96 89.15 66.24 52.71 5.90 39.91 37.42 40.36 19.32 53.22 97.83 55.78 61.94 42.63 98.14 44.70 85.00 55.96 82.40 28.09 80.23 27.61 26.56
14.05 73.50 68.32 72.65 8.86 34.80 52.07 63.73 27.86 76.22 62.29 81.09 33.23 46.08 74.63 76.51 60.55 16.07 25.39 41.71 10.29 51.49 4.50 21.91 11.76 28.23 53.81 65.10 62.73 62.00 48.71 47.68 97.66 65.54 91.29 67.11 87.82 99.36 93.21 42.17 26.35 31.69 76.27 11.45 1.47 73.15 68.93 70.71 10.76 1.96 26.78 39.73 19.95 45.15 55.26 99.34 19.02 31.41 62.58 89.07 78.99 81.33 21.08 6.26 62.37 50.54 65.06 97.15 90.45 91.33 3.29 80.55 20.55 48.56 74.37 94.80 36.40 55.34 22.80 8.55 4.67 44.06 24.29 86.09 0.85 38.62 38.06 47.71 57.63 43.21 14.46 15.90 38.82 93.44 36.06 87.85 91.99 85.46 20.12 24.99 26.63
82.99 48.50 60.87 0.07 65.35 76.76 39.41 92.58 87.87 85.92 79.64 72.99 93.29 10.26 78.12 66.45 11.43 5.68 86.13 36.66 99.70 74.50 71.97 80.47 34.23 77.55 41.70 73.83 4.70 49.13 46.35 59.74 16.05 80.59 53.84 18.83 50.05 88.08 13.61 13.13 90.07 30.07 92.20 43.82 61.99 90.33 7.82 13.35 94.47 91.94 42.08 32.72 51.69 58.02 57.02 64.55 41.61 84.75 95.46 42.44 53.08 42.25 92.99 57.40 24.62 69.15 79.51 51.79 98.29 76.21 98.56 11.64 61.58 24.82 22.62 97.74 30.52 95.91 92.31 6.21 77.16 14.91 57.88 99.29 54.44 48.39 50.86 96.77 21.74 38.02 64.16 68.81 24.05 87.42 68.66 20.80 28.05 67.63 44.54 10.80 21.42
68.11 56.69 55.22 90.20 5.36 79.08 42.40 8.30 53.02 60.53 69.91 71.34 71.03 63.98 94.89 96.66 83.18 22.10 94.17 52.64 19.75 32.21 23.99 24.92 38.94 29.09 41.35 99.68 30.09 1.35 64.96 4.57 51.92 66.96 3.93 97.74 8.73 73.63 32.42 45.93 17.97 39.58 38.28 81.89 72.02 0.39 23.83 81.98 47.50 77.50 86.95 54.56 65.16 34.04 60.52 79.65 53.42 33.59 38.43 90.66 18.85 67.49 66.20 38.69 76.50 66.30 24.39 30.10 43.40 61.13 82.95 77.95 48.25 10.33 54.50 57.91 60.41 57.28 24.81 9.27 91.37 34.84 88.62 71.79 71.86 82.11 68.71 98.76 57.57 89.13 46.64 37.21 66.80 35.13 83.03 15.63 3.00 35.91 55.70 29.97 89.04
65.45 66.13 93.63 68.54 1.13 71.93 34.98 66.32 0.88 39.65 87.30 29.44 93.14 36.23 17.94 20.45 38.12 86.89 52.87 44.85 75.83 5.80 12.10 29.68 30.81 45.20 59.64 34.72 26.96 78.83 96.32 86.94 15.34 85.04 73.45 78.77 68.21 45.40 55.54 20.91 42.49 24.39 10.16 90.27 65.52 45.66 53.06 63.58 46.59 30.74 26.70 77.43 66.99 15.54 40.30 5.31 52.11 10.53 49.56 92.19 78.29 19.99 4.08 37.44 17.88 86.13 40.80 66.55 75.51 73.63 51.35 82.36 18.65 60.24 1.61 36.41 55.62 49.00 31.51 11.05 64.26 67.87 13.27 52.88 24.27 72.20 96.12 48.21 56.32 15.81 15.69 81.13 21.26 6.19 96.19 64.82 82.29 9.58 23.45 86.71 8.32
83.40 21.40 16.98 58.20 47.15 67.83 79.26 9.38 44.89 53.98 50.19 19.62 42.55 24.38 45.02 24.43 75.21 51.49 3.79 89.35 53.42 17.61 30.34 91.50 54.54 6.11 49.25 99.25 2.15 67.41 58.52 90.93 86.63 75.35 6.35 2.86 30.19 39.68 70.08 47.60 49.19 90.22 65.37 92.94 17.21 98.26 63.79 42.21 81.76 50.98 46.93 6.60 37.77 44.36 75.17 10.13 11.16 10.30 99.22 17.83 55.40 43.54 92.52 27.77 14.33 43.99 32.76 17.63 54.29 40.16 10.42 86.34 18.73 9.21 92.70 81.52 8.39 59.34 20.75 53.21 40.23 90.13 68.53 24.68 88.11 96.38 41.22 20.76 58.53 31.18 41.42 44.50 4.39 93.75 81.34 42.66 29.99 57.73 68.90 50.67 56.85
90.38 5.53 46.02 57.75 38.11 84.31 7.20 82.74 20.61 49.35 76.49 1.32 81.31 10.28 70.98 15.20 67.54 45.87 28.89 3.96 98.41 3.06 30.58 50.09 95.80 45.71 90.24 77.92 31.50 68.84 46.83 97.04 93.77 43.91 31.98 90.86 26.29 10.76 43.28 40.87 42.74 81.89 0.96 27.27 70.06 74.63 15.99 96.64 23.55 36.90 48.00 37.21 66.99 82.12 80.77 52.29 60.73 98.95 93.85 72.72 51.10 51.46 57.97 98.65 4.12 35.31 32.76 11.58 36.64 5.68 94.71 47.04 48.07 42.44 73.46 68.68 5.92 68.27 24.71 34.37 88.01 85.40 17.68 94.84 34.78 46.40 65.47 15.69 14.62 24.88 76.18 63.13 55.43 1.61 53.13 44.29 45.49 31.62 22.24 42.68 82.29
56.85 8.06 14.64 39.27 94.23 88.33 82.71 60.07 22.70 98.16 77.61 40.60 77.14 79.19 66.50 48.08 6.69 95.83 17.51 51.73 57.31 66.80 30.61 82.08 45.47 37.19 42.49 69.64 26.29 56.58 83.63 3.82 9.03 78.75 15.59 2.45 23.25 48.80 26.77 32.78 88.60 93.12 14.57 74.45 91.56 77.98 32.36 65.00 22.01 52.22 29.10 18.74 72.99 39.85 59.90 59.38 56.61 97.97 95.61 57.24 39.32 5.83 9.53 11.52 49.65 0.50 69.47 68.33 61.50 24.94 13.08 15.09 6.17 3.87 34.83 41.90 16.25 13.31 62.56 10.58 54.39 59.24 51.83 21.91 30.25 31.08 76.19 21.71 58.60 45.59 41.41 36.50 61.76 46.86 1.93 79.19 69.55 77.93 7.54 15.56 64.59
19.76 89.73 58.47 32.10 12.36 2.99 97.00 95.80 20.57 88.64 13.75 46.66 11.87 82.44 96.66 13.33 82.05 99.39 0.98 92.64 55.56 63.58 68.21 83.73 55.16 19.07 72.18 17.11 93.96 37.52 20.46 69.65 93.17 88.02 89.14 5.81 78.48 84.94 19.09 35.89 58.27 79.29 51.98 31.96 36.85 9.26 33.93 91.94 65.70 75.58 65.16 92.60 86.00 57.32 23.68 22.08 65.43 33.70 41.00 32.43 82.46 27.63 58.25 2.99 61.25 36.53 40.65 55.10 10.21 66.05 78.46 8.77 67.44 32.44 52.66 22.06 6.11 48.98 93.34 3.56 2.92 62.30 8.99 38.90 22.79 54.10 14.88 21.61 22.87 73.89 38.49 29.18 29.03 18.51 30.31 34.84 87.88 23.85 57.95 95.70 10.78
47.62 84.53 11.85 7.93 70.58 67.17 0.59 69.43 30.82 32.80 63.99 40.91 99.79 34.10 82.10 45.73 73.19 3.05 8.24 99.23 42.17 94.64 4.14 8.25 62.00 2.28 5.41 31.33 21.34 10.47 95.37 40.26 65.15 0.46 15.38 73.71 74.54 74.41 89.92 23.41 56.50 13.75 94.33 43.55 46.75 37.37 43.50 24.13 78.81 75.19 29.56 18.74 22.36 22.83 86.80 67.44 44.11 92.91 11.71 5.48 94.26 28.72 16.59 98.25 71.61 95.80 44.54 93.36 70.56 16.98 24.21 30.22 63.06 66.77 92.22 97.94 18.64 90.42 61.57 82.06 15.66 63.43 64.03 90.80 46.86 57.21 44.69 1.39 72.45 26.27 36.73 17.18 23.67 82.84 94.70 76.06 10.19 74.38 14.21 0.97 34.59
34.25 29.58 16.36 32.94 64.78 88.66 24.84 37.39 74.66 83.39 14.07 24.31 94.11 82.53 56.21 72.97 83.48 68.42 45.41 1.64 78.48 60.11 27.36 73.19 10.95 48.93 12.13 76.93 58.46 61.91 98.62 77.54 25.60 18.77 88.66 71.55 10.33 98.10 18.80 42.11 58.39 78.33 88.14 52.58 58.92 69.14 10.01 69.65 84.40 98.95 65.96 56.58 28.05 74.03 89.89 27.14 41.87 74.95 60.71 0.98 28.35 5.98 31.40 50.91 88.96 63.00 72.77 82.89 82.73 35.63 60.06 39.18 97.79 9.14 80.28 65.41 89.22 81.78 88.75 32.14 86.14 63.20 92.66 51.49 21.37 69.53 89.96 79.56 86.58 80.75 41.64 45.21 66.17 76.03 5.53 95.82 53.07 12.58 9.75 0.67 96.73
99.39 63.69 93.95 2.54 5.18 81.62 96.39 58.26 98.49 0.84 15.12 58.62 9.65 47.41 21.26 68.52 93.06 69.97 52.59 77.82 99.58 58.07 65.48 3.49 52.62 63.42 73.38 33.87 31.05 89.70 50.00 55.47 12.09 66.57 25.18 53.02 77.27 73.42 51.70 23.41 34.63 28.60 71.15 94.12 60.22 9.72 56.86 86.72 12.07 20.59 62.20 16.20 19.77 70.49 52.18 66.57 2.76 81.33 46.71 33.55 20.37 88.44 53.32 74.78 6.99 50.46 17.84 58.32 95.13 34.08 70.87 50.07 79.88 89.19 98.29 30.56 27.51 80.12 13.93 81.97 81.74 88.50 62.54 35.82 70.42 53.49 31.07 22.07 66.02 64.86 96.62 10.21 2.90 74.73 88.86 82.92 4.62 43.40 95.40 33.02 46.27
24.23 85.01 87.90 24.29 50.86 28.65 97.34 6.75 85.59 60.50 16.33 27.06 39.81 62.70 56.77 24.70 59.17 14.42 40.84 54.49 26.22 70.97 53.60 26.09 44.87 86.40 35.17 1.12 59.89 95.32 40.68 38.56 14.39 19.50 46.18 29.00 98.58 14.86 28.49 8.34 92.86 24.62 97.29 91.63 58.36 54.05 7.41 17.73 78.04 32.50 29.56 45.20 1.55 78.48 7.54 90.28 96.90 33.13 80.17 47.46 62.09 78.03 95.91 83.28 99.81 2.70 98.45 44.02 8.41 37.59 11.28 67.88 92.13 18.10 99.40 42.23 43.86 95.28 36.37 96.68 3.41 58.84 54.67 72.45 44.57 88.10 7.67 58.77 93.97 96.49 21.14 36.91 34.86 85.19 62.67 22.36 99.07 71.66 6.86 46.03 82.44
0.10 8.50 24.64 64.79 10.58 58.45 74.64 42.25 37.16 41.01 24.91 90.17 96.05 16.40 83.01 11.35 42.22 22.42 62.60 34.43 55.43 29.92 64.75 81.31 36.24 32.37 1.91 57.89 15.13 35.29 42.92 8.58 27.79 61.10 6.90 25.37 59.74 35.05 84.38 51.96 13.48 67.74 13.70 73.73 1.11 0.04 90.76 33.91 15.82 25.90 40.34 66.97 85.03 58.75 27.04 89.38 58.64 56.98 33.99 38.82 35.32 74.36 87.51 2.12 79.97 50.79 55.71 22.78 35.55 9.15 99.32 28.53 82.41 73.82 2.74 69.73 48.11 76.47 63.49 9.00 21.05 64.87 68.25 53.01 70.87 80.16 33.42 66.71 28.84 18.33 38.60 60.96 31.34 41.55 30.88 93.95 79.51 54.84 28.14 77.06 69.80
18.30 13.89 99.59 25.99 87.92 79.49 51.44 47.45 50.92 84.30 96.16 2.37 47.97 27.53 33.07 36.02 85.44 63.22 18.68 15.76 8.00 97.60 54.84 67.03 59.27 61.39 72.67 48.25 83.67 72.39 40.63 55.14 72.66 54.26 74.64 95.22 8.36 26.87 78.58 23.01 7.83 34.00 93.08 76.63 21.02 23.98 80.92 6.37 85.60 48.88 27.00 35.87 91.65 97.84 81.17 46.60 59.56 30.29 21.90 26.10 84.08 24.47 68.97 70.82 47.68 7.16 23.35 84.02 56.44 79.95 62.31 59.44 1.46 7.91 67.96 91.29 99.03 86.16 17.29 1.28 12.59 49.94 11.90 23.27 9.69 43.98 75.42 36.11 57.05 16.53 96.94 85.41 6.73 53.96 48.35 84.75 76.79 21.32 53.93 37.04 93.62
79.27 24.59 40.14 66.62 98.85 60.27 43.85 2.71 75.17 67.91 7.06 4.87 92.01 51.11 36.31 71.04 26.42 82.81 54.81 18.90 60.93 60.28 25.55 81.00 12.00 25.65 73.32 4.48 77.77 17.39 83.99 95.80 58.30 68.53 8.98 1.31 51.37 17.17 53.21 64.15 77.01 44.94 74.46 48.10 33.85 8.95 72.51 69.14 40.48 83.01 95.92 25.15 64.79 73.57 44.86 64.56 94.64 26.17 97.81 84.43 52.81 87.86 40.50 98.71 9.40 41.38 25.11 67.15 94.80 76.59 37.86 25.72 66.49 14.84 3.12 8.85 32.48 51.91 2.17 4.42 84.91 35.14 34.72 31.96 46.58 40.32 1.40 84.65 83.78 64.05 35.13 25.90 88.46 97.13 59.82 81.04 82.76 94.64 4.17 14.66 69.98
49.28 8.37 49.00 34.42 39.92 97.05 36.03 11.84 66.62 80.29 16.33 60.60 27.11 51.62 66.55 63.26 68.62 16.31 51.03 86.69 42.92 69.68 57.96 77.06 55.63 81.43 87.67 74.96 63.00 1.67 21.18 41.22 19.32 54.23 47.19 34.13 27.98 32.91 75.55 28.67 99.39 66.30 15.40 18.26 68.88 66.76 46.10 89.89 77.63 29.20 59.02 13.00 69.94 95.33 98.36 32.94 9.62 48.91 79.16 9.48 69.08 57.71 10.55 91.09 93.82 27.78 2.38 65.60 95.76 85.64 83.43 77.83 78.28 54.00 9.18 54.87 46.35 36.73 87.48 29.54 4.69 78.53 0.00 2.77 97.08 15.15 47.75 35.47 90.11 79.57 98.77 10.51 54.34 79.87 66.05 55.41 46.05 14.49 93.90 66.43 8.41
42.67 40.31 80.78 24.68 35.13 59.33 16.83 44.77 30.08 39.58 64.14 46.79 65.24 35.71 57.98 92.05 90.97 25.16 56.94 73.45 21.14 25.28 20.34 0.84 6.51 7.14 40.83 72.19 33.63 71.71 10.44 71.14 2.54 3.88 48.11 81.44 86.20 70.12 66.88 59.18 24.96 75.23 8.92 53.08 59.12 44.02 26.34 13.77 52.61 43.25 36.11 82.53 11.14 9.80 27.11 0.10 47.67 0.39 47.42 26.33 98.60 28.66 50.07 11.09 43.55 5.19 25.27 7.23 32.08 46.04 97.26 66.19 70.28 65.50 14.04 6.75 70.52 18.63 7.85 97.76 17.38 9.20 54.83 45.27 52.90 28.77 11.68 24.84 34.31 42.35 57.71 49.58 67.34 86.44 20.24 14.53 68.27 94.94 11.51 8.02 12.02
57.76 18.67 55.26 30.76 39.69 54.06 31.07 13.00 68.04 46.57 14.64 70.68 55.04 84.65 42.01 91.08 23.60 49.68 76.02 88.45 57.25 37.64 2.98 20.59 50.62 18.02 37.77 6.58 13.64 45.71 65.46 36.68 32.62 91.46 97.53 14.73 41.23 6.46 70.99 23.89 4.62 86.75 68.21 56.11 69.69 53.12 85.96 96.25 84.79 11.92 31.48 1.22 41.73 12.75 73.87 64.86 43.58 68.25 28.85 9.24 50.96 51.97 5.09 92.92 10.37 39.72 90.13 76.83 17.30 10.12 4.12 38.38 17.59 69.97 99.45 74.47 99.86 20.00 34.37 83.97 82.38 26.74 98.81 70.29 47.34 16.04 20.42 54.78 25.74 53.86 29.07 41.38 85.94 30.05 7.79 23.36 29.13 10.64 8.46 72.64 98.83
44.69 74.35 60.18 2.30 28.65 98.87 48.62 43.08 18.41 12.57 94.29 24.26 46.68 77.28 8.09 99.70 68.05 17.76 52.02 9.62 60.98 63.44 83.35 18.75 58.62 18.15 10.29 21.49 11.38 23.29 37.31 54.62 34.55 30.33 28.26 8.34 43.90 48.00 65.35 76.12 32.59 79.97 32.15 34.05 92.36 18.53 98.81 90.34 32.20 10.01 37.45 95.51 97.58 57.48 46.03 53.97 43.45 76.35 8.71 27.65 64.00 68.61 70.85 72.12 32.41 31.10 56.82 96.08 53.77 63.77 8.65 84.65 84.03 93.22 73.76 77.14 18.46 77.37 19.81 40.00 2.51 6.78 4.85 25.46 68.18 68.30 80.80 56.54 49.25 86.63 58.55 29.08 78.20 9.42 12.63 71.35 18.19 51.60 53.69 51.97 34.18
33.10 64.47 46.90 76.60 48.73 45.23 4.29 64.19 8.42 52.57 29.33 43.33 76.08 43.95 41.75 59.37 89.80 0.15 60.73 32.83 19.20 52.80 74.67 59.88 29.60 80.41 75.54 95.41 6.17 88.62 86.10 9.34 41.09 40.25 57.87 56.79 37.06 50.75 68.31 52.74 30.02 14.75 94.97 91.86 84.37 79.25 95.05 4.00 63.81 29.12 68.27 86.08 30.86 0.58 31.31 1.04 78.20 88.15 81.90 84.26 44.99 60.84 80.61 48.38 21.33 53.15 28.69 26.89 93.79 46.43 69.74 47.22 35.44 6.41 93.70 73.99 93.24 92.28 71.02 12.98 76.00 3.18 95.24 16.43 96.18 77.55 62.10 80.41 68.33 11.08 63.35 74.74 17.70 8.82 23.21 96.18 1.76 37.08 55.86 85.47 18.20
98.02 90.80 71.89 98.92 61.23 41.94 11.88 75.00 2.89 84.56 35.32 86.82 96.51 42.18 42.83 20.86 61.46 53.17 60.03 72.72 28.76 99.52 60.94 0.57 41.70 94.97 59.21 26.67 94.71 97.83 45.27 27.97 63.28 64.25 97.44 6.00 28.31 7.59 45.24 77.04 47.93 79.42 12.96 72.92 79.84 37.85 21.62 93.24 7.40 18.77 77.47 99.59 72.57 75.66 25.08 92.33 68.78 3.61 93.34 60.69 96.90 13.06 12.18 46.68 37.42 69.05 28.44 13.52 41.98 61.49 98.87 59.14 97.33 22.13 88.35 65.54 64.90 53.78 51.56 24.34 49.06 87.55 26.15 29.49 97.26 33.57 15.58 77.50 85.08 40.91 89.69 65.94 89.39 32.31 81.22 30.81 2.70 29.35 6.33 13.38 30.84
91.91 33.65 87.26 97.21 54.43 79.78 5.26 5.81 74.94 25.45 61.96 1.75 35.88 94.61 77.20 77.77 84.69 39.20 1.58 80.41 11.15 34.92 71.70 56.99 37.64 76.98 86.40 66.40 75.75 91.16 31.92 44.39 52.15 25.94 34.26 64.02 56.95 41.38 66.84 81.75 17.61 60.20 91.52 10.00 51.66 96.90 61.11 6.68 1.10 30.35 61.63 22.28 1.89 35.57 22.23 95.29 91.49 40.37 71.11 36.39 7.57 22.38 65.37 92.22 81.12 12.12 73.09 29.23 76.98 17.77 35.62 28.24 84.93 37.26 88.31 30.44 14.61 73.26 67.75 25.31 97.09 16.72 83.64 21.20 46.58 14.65 83.48 89.16 85.13 87.63 88.10 20.59 83.54 12.79 26.26 89.40 21.63 37.82 46.36 59.36 86.22
20.99 41.71 33.49 27.05 53.29 7.73 9.79 41.32 77.28 24.38 46.36 89.65 7.65 79.88 64.92 92.14 68.89 65.85 57.04 93.82 37.15 55.80 99.51 95.68 23.40 74.03 93.50 15.36 0.83 20.55 6.05 17.82 29.84 67.81 41.74 6.82 83.46 94.58 22.76 17.77 26.61 72.86 5.56 2.55 52.14 73.27 12.11 46.94 26.83 4.72 3.88 11.32 50.49 53.80 76.85 35.23 81.28 39.61 5.41 96.39 30.29 49.68 13.51 64.88 78.73 72.56 0.99 43.05 20.57 92.67 3.43 31.78 83.91 63.14 13.35 13.75 34.29 22.20 41.26 94.31 12.82 68.68 44.32 90.63 12.50 62.40 0.99 9.67 45.68 64.94 59.66 5.66 5.92 86.47 39.46 57.70 77.27 54.31 11.30 58.14 51.36
94.14 68.70 37.36 52.22 4.88 61.58 97.08 19.85 42.22 23.88 77.78 39.84 53.65 17.04 58.08 27.57 94.86 34.27 62.20 86.31 39.48 27.28 13.32 63.21 8.02 64.05 64.01 50.32 69.42 33.32 32.04 21.35 18.07 61.29 19.51 44.85 79.58 56.36 43.51 64.33 48.41 47.37 56.48 86.01 10.46 30.97 84.25 64.83 53.67 93.95 60.12 29.33 19.93 25.78 82.80 35.96 1.27 87.43 76.63 93.62 33.53 51.69 82.00 48.81 90.61 80.91 54.20 72.28 32.44 57.59 98.76 37.55 9.73 33.60 21.50 32.14 78.80 13.53 21.29 92.00 29.37 37.84 3.75 99.79 78.65 81.46 43.92 37.71 34.71 33.48 76.19 35.39 82.32 73.42 39.33 3.54 94.43 9.90 55.11 94.01 40.18
22.27 97.20 68.30 76.74 67.40 95.40 26.39 74.47 88.56 89.64 27.04 45.52 46.80 34.23 11.47 55.63 41.65 37.22 31.86 29.13 41.76 50.96 70.89 20.28 62.88 84.36 41.55 95.43 96.52 2.48 45.33 66.41 42.28 29.05 17.03 66.02 47.03 17.47 34.07 6.06 4.03 6.10 18.70 8.72 15.15 23.29 11.05 51.66 69.30 57.83 41.18 17.75 40.23 60.50 78.36 89.83 56.68 92.26 85.55 81.24 48.28 84.77 57.30 42.74 20.02 28.83 69.17 36.35 58.62 56.36 16.82 16.91 23.87 31.59 72.87 11.80 28.01 17.04 39.61 39.56 56.36 29.93 25.80 58.00 32.28 54.60 25.57 82.43 79.57 26.73 27.62 64.61 85.48 54.73 32.84 73.10 17.42 94.12 8.34 65.59 1.63
96.52 40.52 56.31 93.83 81.11 56.66 25.51 31.83 63.33 99.41 43.67 67.89 31.95 62.04 99.02 51.17 4.46 97.65 48.86 33.36 81.76 39.26 83.41 96.04 28.26 82.20 23.14 4.50 30.81 44.40 77.54 78.49 39.47 70.26 43.59 20.56 43.16 93.75 71.95 92.76 83.45 26.18 79.11 82.08 59.56 84.55 33.54 45.44 27.71 25.89 93.97 74.78 47.86 3.22 27.93 72.94 81.13 8.92 88.78 80.82 90.87 20.98 79.14 46.63 50.58 17.79 79.06 77.68 11.80 77.14 66.90 65.43 35.05 25.00 11.19 24.46 37.08 49.75 61.41 35.84 57.30 47.46 15.99 35.71 96.82 13.84 95.59 39.55 32.99 48.48 99.71 42.79 62.67 87.08 74.88 88.51 77.34 27.16 72.51 42.65 64.49
23.18 63.02 24.46 67.52 49.24 95.41 14.54 34.19 96.76 31.77 74.05 64.29 32.93 42.37 79.42 42.06 82.01 88.24 80.17 87.02 57.11 86.35 35.24 28.05 45.63 27.78 85.88 69.49 51.59 14.32 43.12 89.82 47.84 29.43 18.08 63.62 41.45 8.84 73.18 47.34 5.22 26.64 22.28 19.59 78.62 62.49 58.09 16.61 91.12 65.40 34.80 53.36 11.12 79.89 84.07 71.08 73.59 50.03 92.62 1.78 89.59 67.09 19.41 90.41 90.69 76.32 80.61 65.18 11.51 8.55 80.48 96.84 63.46 52.25 16.26 37.41 2.82 31.58 35.24 79.00 46.27 6.20 72.02 23.46 37.04 58.32 44.28 3.26 14.72 82.68 34.99 44.51 91.93 45.16 39.31 12.50 91.01 25.47 4.25 30.51 75.08
43.64 9.71 39.20 12.51 6.87 48.36 25.57 0.29 98.31 45.27 3.46 45.78 3.92 93.37 63.72 29.08 61.27 22.73 23.30 52.83 71.58 76.43 12.22 3.64 43.62 80.09 50.11 21.05 22.45 20.56 40.59 64.82 6.41 99.37 61.48 21.02 5.18 76.64 79.13 37.64 42.27 71.06 64.75 30.33 54.92 31.53 41.19 48.85 94.57 46.10 37.97 44.93 81.13 3.86 82.93 32.04 13.99 75.33 8.47 77.92 93.05 27.15 0.59 20.19 52.77 36.42 68.83 45.94 62.53 20.58 65.24 25.77 96.25 48.33 30.44 42.94 24.47 47.16 95.06 8.30 32.08 73.28 14.47 1.54 14.66 59.43 65.11 29.44 56.80 6.20 80.43 41.82 45.21 32.66 54.59 95.57 20.06 51.66 92.13 7.71 68.33
17.42 85.61 31.58 87.85 6.17 88.34 21.27 90.77 72.19 88.63 75.37 79.81 53.31 21.00 88.38 41.53 77.88 59.47 36.14 42.45 10.15 19.89 41.40 68.33 55.72 46.40 32.30 36.77 29.97 47.75 71.64 23.63 42.73 98.97 85.22 93.90 2.32 74.22 67.34 77.84 92.04 26.18 91.51 82.64 22.17 77.84 4.65 80.66 10.83 42.19 32.75 64.54 96.53 35.46 76.18 9.93 35.74 99.54 22.81 36.51 88.59 99.21 56.99 7.88 45.70 9.82 92.58 60.87 99.39 60.97 8.12 5.05 12.35 51.92 12.25 82.93 86.92 4.29 17.59 31.55 87.97 67.68 51.06 36.08 22.79 43.86 78.93 15.95 30.79 45.13 74.58 34.35 86.37 52.48 7.20 71.53 67.96 89.19 79.47 52.53 74.74
96.41 75.48 92.47 70.18 95.87 79.84 65.75 93.69 80.19 32.69 90.90 3.70 18.10 17.89 46.57 44.29 80.18 7.91 53.19 32.61 20.79 58.10 95.45 16.75 98.14 25.82 90.63 22.51 85.51 29.95 31.07 79.56 76.81 16.49 78.62 67.89 39.67 45.81 39.54 74.81 19.01 67.27 97.66 3.46 44.42 96.65 34.14 23.28 44.29 62.29 11.88 3.00 20.01 35.25 52.62 17.03 83.10 9.41 85.07 65.63 8.72 46.89 91.93 99.51 8.39 54.63 34.17 89.70 75.23 7.57 80.50 33.05 4.76 84.12 20.30 34.11 44.48 29.68 88.03 54.03 75.13 13.58 77.28 67.08 77.12 95.26 72.69 15.40 84.84 65.27 77.63 2.57 82.36 76.65 65.99 16.78 43.32 32.43 36.09 24.02 40.26
68.39 44.72 94.92 22.05 23.22 31.22 50.66 95.74 30.22 64.55 41.83 64.40 17.05 40.22 81.07 61.71 75.14 78.68 41.62 38.92 31.31 27.32 64.83 31.90 85.54 77.75 16.54 82.68 18.15 64.24 70.75 56.13 19.37 58.76 48.45 42.33 44.52 28.42 89.92 85.37 47.96 70.73 88.56 29.12 98.78 92.52 64.27 20.58 31.48 47.94 4.75 61.54 34.83 1.35 52.55 49.04 31.77 30.59 66.28 95.38 53.81 36.33 33.86 68.17 62.77 73.06 66.10 41.26 23.19 67.44 48.67 96.86 78.39 39.55 80.57 69.80 33.43 92.68 77.31 74.30 97.93 87.33 66.78 4.10 92.11 65.01 56.05 46.32 68.92 37.44 97.26 99.91 55.58 6.82 30.53 39.19 67.56 32.84 32.28 13.12 55.77
98.11 11.88 46.83 20.97 36.58 84.21 29.62 54.91 18.49 34.76 79.98 50.33 60.64 3.04 91.80 34.30 84.23 67.85 99.96 12.91 79.24 22.43 50.90 88.20 13.15 5.73 75.24 45.07 37.07 5.24 90.76 99.04 92.54 97.21 13.74 45.30 71.94 39.80 6.81 99.82 35.82 84.71 41.44 73.02 40.15 23.12 3.28 66.69 76.64 31.26 18.30 34.87 79.36 31.60 28.01 99.04 0.56 34.93 91.83 58.60 9.04 79.23 44.70 87.03 14.14 30.79 88.10 54.37 68.32 63.27 42.64 66.76 51.66 80.35 40.23 63.56 91.35 97.49 84.05 62.75 19.18 48.55 54.44 95.14 20.28 32.84 88.78 18.09 76.23 68.18 13.55 49.44 55.56 65.68 56.61 11.99 54.92 91.83 17.97 29.54 56.97
43.88 33.46 26.99 64.83 16.61 31.36 64.27 40.07 3.54 97.95 76.33 30.79 46.04 84.87 61.15 73.52 87.38 15.92 52.76 77.92 82.96 51.10 82.98 84.10 83.09 97.33 48.39 55.66 91.26 31.43 60.80 49.06 51.19 51.09 9.08 50.01 65.67 19.32 10.84 17.49 0.38 18.19 81.70 26.02 75.81 77.25 0.55 46.70 0.40 92.48 98.88 57.92 47.92 1.20 52.11 26.00 32.48 28.79 1.33 46.70 83.95 72.57 83.41 88.05 77.20 38.72 97.55 25.16 18.18 97.67 86.61 7.69 39.88 73.75 61.11 50.50 11.44 34.62 44.17 88.25 13.47 96.04 65.45 84.40 82.67 7.87 82.29 35.41 78.95 36.56 56.07 60.62 78.11 10.10 61.99 18.51 43.22 40.82 60.38 40.01 56.11
77.89 91.71 7.63 19.36 14.47 2.07 34.92 53.19 40.26 37.74 72.87 68.59 15.10 82.01 50.14 30.53 83.13 32.35 44.24 69.49 32.10 18.99 12.63 19.79 3.26 10.74 82.13 9.31 4.93 23.72 24.95 91.18 32.91 98.66 99.30 58.10 50.92 62.43 82.84 29.92 33.97 39.30 76.93 55.04 28.16 27.65 10.01 16.35 29.58 7.77 18.08 82.26 35.89 96.33 30.41 93.49 73.30 13.09 38.76 26.20 52.39 75.63 77.99 22.13 55.73 87.57 96.42 26.37 10.38 36.02 43.94 23.38 48.66 63.81 55.96 11.77 9.89 32.10 61.50 8.77 86.71 39.15 93.27 24.63 68.67 10.69 28.19 97.85 86.49 27.62 36.21 31.79 10.06 6.63 65.62 23.22 3.19 99.38 43.15 23.53 48.25
88.40 25.90 16.69 23.14 24.77 7.69 18.99 99.86 51.94 16.39 80.40 21.60 3.57 3.36 68.67 44.38 43.16 26.06 84.12 95.89 25.48 36.68 88.17 85.60 36.73 48.68 93.34 31.70 16.54 46.92 93.03 45.78 14.88 56.98 58.93 65.67 87.13 39.24 84.40 77.22 80.29 23.41 1.90 15.50 13.57 49.15 52.51 86.15 6.45 28.31 35.72 97.49 57.27 94.50 17.71 43.98 25.60 55.61 26.02 31.66 21.39 14.88 8.98 86.21 54.11 76.07 87.86 34.28 44.96 98.60 79.94 98.68 55.32 17.94 20.56 98.01 34.52 97.16 62.39 91.48 40.01 25.17 79.90 59.42 33.27 27.17 57.28 60.19 4.24 3.14 87.89 54.08 27.73 59.82 63.28 34.79 4.73 51.85 80.09 59.18 28.33
91.82 97.82 42.75 15.92 71.79 86.61 90.31 23.56 68.58 39.89 25.28 98.77 59.70 46.25 72.91 85.31 89.24 32.67 48.71 84.35 34.57 88.84 62.58 76.83 29.90 10.18 37.61 78.36 99.78 74.87 71.56 17.44 5.68 20.81 19.34 77.50 58.82 37.95 24.44 93.44 2.31 41.72 77.55 43.30 15.72 43.06 30.43 25.67 45.32 80.84 43.18 63.45 12.92 32.18 93.08 24.63 6.66 66.29 23.00 0.64 6.67 57.55 57.62 33.01 48.86 23.35 65.59 28.85 79.91 2.36 95.65 55.81 6.62 38.90 64.91 57.22 92.67 88.94 27.46 77.90 6.02 13.41 1.27 41.37 69.97 74.47 81.76 69.09 21.11 0.33 19.86 82.21 27.18 34.20 92.97 76.71 68.06 33.10 46.76 12.28 8.92
32.94 32.10 35.98 5.73 36.82 39.57 42.48 69.56 9.53 79.15 98.41 86.25 60.24 43.98 92.93 58.86 70.79 78.95 90.36 28.69 20.73 56.38 37.99 0.55 97.47 60.99 91.71 66.25 94.37 49.60 37.49 66.97 50.15 1.32 36.88 85.10 32.58 23.73 74.72 6.23 19.63 30.78 37.05 41.87 81.25 58.02 97.47 53.53 14.81 30.67 40.00 68.78 37.39 50.37 96.55 29.99 88.07 15.97 27.30 66.20 43.24 44.27 21.77 28.99 98.18 6.05 49.13 82.73 17.95 43.26 35.49 90.00 10.70 82.85 96.54 82.77 26.69 12.88 3.60 59.88 35.85 36.62 11.17 1.61 87.32 70.12 24.09 41.75 3.88 99.08 32.57 88.01 14.49 60.38 93.01 31.27 78.03 64.17 82.93 34.28 77.68
1.34 21.91 8.02 40.52 4.84 96.20 89.39 93.83 38.57 37.79 9.38 9.29 2.09 25.60 43.74 86.27 71.13 75.33 58.51 3.92 84.20 32.11 99.73 90.01 92.34 13.10 53.95 3.62 25.06 15.45 7.84 22.30 75.56 55.32 84.90 74.33 58.50 53.58 87.51 6.81 43.28 33.83 22.26 30.00 16.11 48.35 36.95 28.75 73.80 97.56 47.11 81.46 2.67 58.74 80.37 77.40 45.36 89.47 16.73 72.73 9.04 21.55 52.77 76.20 17.78 10.99 68.13 4.83 62.54 59.60 22.17 0.36 51.60 74.00 59.07 47.14 14.83 77.43 49.43 81.90 64.71 40.26 46.55 36.23 67.33 44.52 85.46 2.24 26.51 48.39 2.85 62.15 34.09 65.98 6.04 72.28 89.55 28.29 69.04 42.29 89.01
42.17 40.75 84.02 99.99 58.66 3.12 45.99 82.70 69.57 7.31 99.16 45.46 97.57 78.74 22.87 26.92 20.59 76.89 85.33 63.50 73.11 20.65 43.21 92.31 38.70 54.14 15.32 33.72 36.79 18.49 8.38 93.87 57.00 45.40 23.08 78.08 43.98 37.94 18.60 55.55 86.03 54.32 63.51 66.03 10.51 60.19 51.49 9.14 39.22 65.13 9.69 6.99 6.87 8.92 78.06 80.54 95.76 13.30 87.68 30.54 89.80 64.72 16.23 63.59 0.98 43.78 48.76 53.90 71.45 67.04 21.85 81.45 4.26 56.67 79.23 37.09 26.01 3.69 17.20 35.35 34.39 40.43 47.63 25.42 33.87 87.73 57.03 41.01 12.52 92.61 89.54 79.68 63.25 21.97 32.08 52.37 2.47 28.01 29.83 93.59 84.68
89.33 50.91 10.05 73.00 98.70 74.43 42.44 99.00 50.92 0.17 14.16 54.89 51.63 55.84 47.61 58.37 44.56 3.49 39.14 84.78 30.60 63.08 46.71 44.92 56.19 17.13 4.78 57.97 24.19 12.08 94.44 10.16 30.28 21.88 46.90 39.72 78.16 89.58 8.62 38.99 76.49 12.45 45.91 13.98 70.85 86.28 17.47 92.28 13.77 74.48 92.77 19.78 26.00 17.60 44.37 36.93 52.04 48.96 92.56 75.06 63.22 31.85 30.10 63.49 11.31 84.18 5.49 87.97 85.84 5.93 92.65 91.16 78.32 75.23 25.36 55.70 6.32 28.56 24.42 60.47 0.71 90.87 95.66 50.83 9.10 70.96 27.08 13.27 18.60 88.08 63.02 95.16 51.04 45.06 83.73 60.35 33.80 13.92 68.24 21.00 73.02
99.30 49.21 68.76 36.51 16.40 95.06 74.82 20.02 6.70 1.36 95.05 43.15 48.95 14.70 34.97 79.62 24.65 59.80 98.76 78.34 8.04 76.99 93.14 6.67 53.50 31.33 61.60 54.37 83.53 59.06 26.98 38.92 30.47 66.99 70.59 2.88 35.09 50.41 25.94 43.79 55.03 45.22 15.32 67.40 86.44 79.87 7.20 4.69 51.77 42.63 22.72 83.44 56.91 30.09 69.26 94.87 70.81 92.15 29.35 46.07 30.63 39.46 82.91 38.75 25.68 28.73 91.11 65.01 63.13 91.57 19.76 60.72 68.72 22.58 30.56 7.16 25.53 92.17 18.23 21.49 3.98 99.86 21.65 26.74 86.14 33.62 87.13 41.92 37.57 50.87 12.01 82.85 29.62 46.83 46.61 14.35 65.60 25.76 82.70 44.50 85.41
13.62 40.75 6.69 1.40 99.54 17.73 45.49 83.26 62.91 29.26 83.32 22.32 29.13 33.75 77.59 53.29 1.02 45.71 51.84 26.85 22.74 52.74 93.98 58.95 19.40 44.78 38.00 56.46 65.30 71.29 57.11 9.83 84.05 92.00 46.54 93.29 33.66 36.85 24.19 63.39 79.66 40.69 27.11 96.38 9.49 68.45 31.99 55.00 91.22 96.37 77.86 25.55 29.68 64.88 19.03 15.51 23.23 68.78 86.43 52.72 74.22 0.41 85.44 76.37 56.29 11.29 8.45 60.74 91.60 8.00 90.13 62.15 41.23 47.85 83.60 29.71 61.68 49.97 85.63 70.67 30.79 87.48 89.05 10.80 96.10 76.26 90.32 40.56 48.76 26.18 30.58 87.61 76.18 70.07 98.20 6.33 96.56 36.41 70.98 24.96 64.97
28.28 81.09 26.15 40.96 97.46 44.04 96.17 5.25 36.70 46.23 98.72 85.96 78.16 92.79 18.65 52.26 94.10 97.77 70.37 68.97 87.99 96.20 18.52 42.51 89.36 59.10 85.24 8.84 55.47 77.06 22.04 4.05 32.96 27.94 74.45 8.16 82.54 94.41 17.60 2.82 19.93 46.97 90.79 33.42 76.12 57.93 9.24 16.46 30.15 62.12 81.07 82.52 17.32 29.93 7.71 95.67 66.32 68.22 95.83 39.86 68.02 14.82 58.91 12.96 29.33 42.21 36.62 18.96 15.06 36.01 10.00 99.09 31.11 63.86 40.78 92.48 51.85 0.41 12.81 66.81 45.08 23.95 3.70 9.83 97.52 50.37 64.95 22.20 94.01 20.01 38.56 2.27 53.56 3.12 88.27 63.55 75.39 39.47 73.63 75.42 34.46
97.98 77.74 44.89 67.63 24.38 30.41 87.01 89.41 16.89 9.61 90.71 63.56 14.13 59.74 78.91 26.42 73.73 52.34 66.46 94.11 93.73 58.92 81.44 45.77 15.83 67.28 26.15 64.52 63.57 57.13 5.80 26.49 18.61 0.39 3.15 78.88 88.23 2.01 27.14 97.40 67.17 46.78 13.67 63.90 46.89 67.85 6.73 54.69 75.46 2.59 97.79 80.26 21.18 51.28 51.83 67.00 42.94 4.49 97.97 21.47 20.64 54.50 12.86 68.01 48.67 56.63 75.05 0.13 45.54 55.94 18.23 36.48 82.98 45.05 61.80 21.83 87.31 68.52 46.56 63.88 16.62 39.69 53.91 46.41 66.42 85.32 36.48 9.42 7.37 83.82 38.51 36.86 7.77 12.75 33.89 42.66 44.23 70.98 60.21 95.58 16.31
53.57 91.35 76.71 73.58 28.99 9.43 24.55 88.26 13.76 3.88 17.16 70.14 95.45 74.14 39.12 55.18 53.89 71.10 81.51 63.39 65.99 46.22 91.95 10.03 20.47 34.95 67.36 40.03 45.75 39.86 67.64 26.29 3.93 29.24 78.40 22.48 54.27 16.79 0.80 10.98 38.96 37.89 96.69 36.48 94.61 88.27 67.12 66.06 42.40 40.58 92.40 66.15 60.02 4.49 11.82 37.21 88.67 46.00 71.09 96.57 78.05 31.55 15.73 50.18 22.63 12.53 58.47 43.86 92.22 15.90 98.77 34.63 9.98 56.44 22.68 72.79 81.11 36.32 60.99 35.42 25.14 47.61 34.03 1.79 15.09 43.34 61.04 11.47 76.64 92.73 62.30 95.59 50.35 86.22 32.24 22.08 70.05 5.97 11.47 45.27 23.32
60.64 27.38 36.06 0.75 8.31 67.26 92.01 35.83 6.35 44.37 53.17 16.52 29.67 67.89 30.64 1.31 41.16 19.33 11.89 22.79 83.04 43.79 17.58 67.31 56.22 15.90 54.30 93.65 40.93 96.22 91.34 81.11 61.71 43.74 39.65 47.73 49.79 99.96 60.98 29.25 6.08 10.41 85.48 59.47 17.93 98.99 65.85 42.56 32.62 60.90 46.05 58.00 40.91 89.75 72.89 88.79 73.61 4.51 28.41 13.48 64.40 91.80 11.38 52.69 81.98 29.35 45.89 10.85 84.64 6.03 45.22 3.54 0.46 4.28 9.12 11.27 86.24 60.38 82.64 50.26 68.18 68.37 54.55 0.83 17.64 43.03 23.57 84.00 64.85 7.82 10.47 26.98 3.97 23.09 44.28 8.18 92.37 20.47 0.51 22.28 55.22
97.45 58.84 19.76 56.10 94.00 67.71 84.66 15.79 65.28 93.40 83.40 96.03 10.97 13.93 37.81 31.86 15.02 37.93 24.32 23.74 76.65 53.51 65.73 76.46 57.50 42.38 22.08 42.60 48.18 25.24 58.61 11.03 7.20 53.63 19.00 31.20 75.58 14.28 82.05 13.79 20.12 61.24 29.86 98.35 8.46 41.65 5.62 28.56 69.22 30.64 89.24 25.72 40.09 41.10 68.83 1.12 57.26 23.80 36.23 97.90 89.07 23.65 84.66 3.02 67.22 7.51 36.71 19.97 18.49 29.49 80.61 42.88 50.19 49.00 43.14 22.57 92.52 67.47 77.14 65.27 50.75 99.19 91.79 54.52 70.62 42.01 3.77 37.01 69.85 63.38 37.51 62.86 39.10 67.58 52.53 21.01 65.24 59.47 26.05 60.42 6.87
80.35 70.67 69.03 37.56 89.32 63.63 3.73 80.93 79.38 79.21 80.91 13.21 64.53 43.52 64.80 21.59 68.06 99.52 63.94 17.07 96.30 79.02 36.13 73.14 6.70 80.80 45.44 84.66 23.36 70.38 99.54 37.44 3.18 67.06 45.38 29.20 5.68 33.96 51.51 32.53 69.66 36.56 54.86 40.46 49.85 85.43 0.48 85.25 16.63 28.80 52.09 71.11 71.97 10.47 1.62 11.30 84.65 58.93 55.99 10.50 98.04 22.96 29.07 82.79 13.38 19.74 17.12 46.04 1.84 10.70 85.71 83.35 48.33 71.09 46.26 11.99 80.35 68.60 50.43 50.71 84.91 16.88 80.37 25.80 66.61 19.40 62.93 6.75 50.13 69.47 86.16 11.94 80.12 21.85 45.93 75.11 21.72 1.69 1.06 13.22 86.67
14.74 66.44 64.95 86.25 84.76 86.24 11.78 89.65 64.07 58.58 25.61 70.03 25.84 22.67 70.27 4.72 84.35 89.31 8.36 35.79 64.69 51.81 47.30 99.25 94.83 93.52 40.75 39.92 23.32 57.77 23.40 52.73 15.69 95.63 7.23 40.96 32.68 57.33 17.47 32.15 43.42 42.79 96.34 42.17 76.75 76.96 52.69 28.28 63.69 25.61 85.58 21.58 74.25 17.20 60.13 79.58 1.76 86.35 63.58 49.60 97.72 4.69 19.71 83.44 10.39 14.60 89.91 94.10 30.21 31.55 38.73 95.07 95.18 30.54 92.35 12.95 59.36 82.40 67.88 13.82 77.51 55.56 1.66 34.17 9.11 48.77 54.77 56.97 94.89 70.56 23.80 23.41 8.81 31.05 34.94 21.09 38.89 61.57 49.74 39.12 41.51
99.82 27.97 60.36 30.90 30.51 53.00 2.73 75.08 79.73 13.55 65.48 75.50 33.05 28.32 23.02 90.47 83.95 1.52 70.69 32.31 2.55 38.28 90.18 27.50 4.84 97.33 23.41 78.32 75.63 96.62 82.83 16.41 48.39 37.53 76.53 88.95 94.93 63.23 75.92 68.13 28.33 16.80 4.49 24.39 71.95 14.90 75.47 54.29 97.80 2.34 56.74 3.39 87.47 3.50 90.89 74.87 18.46 35.87 48.81 64.61 29.44 1.70 44.69 13.18 67.14 23.05 90.77 15.46 68.36 36.14 19.77 78.54 79.98 10.44 53.29 68.42 70.20 8.19 44.20 36.29 34.10 49.98 71.15 64.85 46.73 2.07 13.44 25.41 66.69 50.91 84.21 86.34 43.48 80.65 50.17 63.54 31.68 19.22 16.00 53.52 19.94
65.08 68.56 1.50 39.65 93.89 84.64 89.66 12.41 38.18 22.97 73.75 94.02 60.64 15.07 81.52 8.23 11.82 91.74 4.74 85.88 50.92 18.53 12.07 46.75 95.34 59.17 73.52 48.48 2.01 32.60 74.50 43.08 33.75 79.14 47.68 31.65 13.63 1.43 0.72 58.03 20.64 95.88 68.06 31.89 29.59 40.12 64.83 21.94 48.57 52.13 71.05 9.93 56.91 86.71 24.20 45.97 96.94 84.85 48.36 95.85 22.48 41.65 97.95 20.99 57.39 8.45 44.28 81.62 67.17 94.72 82.97 3.85 96.71 85.45 90.43 1.19 77.51 39.49 7.43 91.24 57.21 84.71 78.03 98.07 54.82 75.30 21.80 81.00 94.60 27.15 67.68 80.39 21.82 96.68 27.39 20.97 53.42 18.90 36.64 63.52 96.85
66.82 70.30 42.31 45.30 79.89 72.06 63.54 0.10 25.31 99.46 5.05 98.29 72.32 12.86 50.70 97.67 99.14 76.03 15.44 45.70 69.01 77.40 83.86 23.69 13.15 19.87 13.22 73.61 73.62 94.81 29.47 98.15 9.29 5.82 93.99 74.69 18.05 57.99 69.45 73.67 78.29 78.15 62.79 22.12 62.89 81.82 73.46 3.01 28.78 52.49 25.07 30.83 35.24 48.80 8.62 94.24 93.95 5.30 15.24 6.36 4.14 42.34 86.85 53.24 75.67 50.83 62.65 81.21 93.45 67.39 49.60 13.80 26.13 5.56 95.13 38.64 32.25 58.69 90.08 55.23 67.01 40.15 80.01 24.00 42.71 76.45 13.09 7.40 46.09 18.91 2.61 43.58 65.52 89.55 32.26 43.34 31.40 26.74 82.29 50.91 31.58
22.71 46.28 4.78 59.29 42.87 83.58 25.92 20.62 18.12 32.48 3.72 42.33 21.46 46.37 18.95 9.72 75.26 17.29 27.77 25.40 35.79 98.52 53.88 6.48 12.66 86.37 48.51 29.91 26.32 26.83 96.30 66.74 56.83 62.54 95.17 95.82 86.94 85.95 88.40 37.71 92.60 14.03 76.90 99.21 84.14 50.37 89.97 69.35 51.05 50.17 42.52 57.34 13.67 53.82 56.96 13.15 34.85 4.60 77.84 21.28 94.62 16.26 57.44 8.49 81.19 5.96 40.34 55.92 1.13 58.31 25.15 56.44 62.16 36.10 31.51 7.62 31.46 3.24 50.51 81.14 22.66 75.79 6.59 59.21 14.71 66.37 9.14 78.55 55.74 37.91 21.82 72.64 54.90 32.07 27.84 52.85 15.53 88.17 19.21 19.02 6.30
12.61 18.17 88.16 40.23 67.65 53.29 48.84 96.20 24.18 27.97 67.40 20.22 77.03 16.73 28.59 33.86 58.28 89.63 17.07 14.53 33.37 1.86 41.41 86.08 10.10 83.17 79.01 73.39 14.00 42.70 70.09 11.41 32.95 54.90 38.79 49.33 84.27 42.10 69.53 40.48 7.44 19.39 16.82 58.57 35.46 17.45 76.52 31.03 48.11 48.90 96.82 29.80 60.14 33.87 56.95 10.53 47.54 50.35 91.83 40.53 65.07 24.94 90.66 6.26 58.04 29.76 47.75 40.92 21.63 0.89 93.61 62.82 10.76 44.24 84.36 65.08 53.65 44.28 77.74 47.31 72.30 41.38 73.78 29.96 62.83 93.25 48.16 41.84 38.95 86.26 56.56 21.59 91.64 12.17 37.97 23.60 68.21 75.88 95.16 69.01 74.86
23.70 49.90 80.48 32.51 48.02 41.10 64.95 5.49 21.66 85.44 19.00 26.20 3.36 36.13 82.75 17.46 2.61 61.16 54.13 22.69 40.39 15.45 72.85 80.76 50.96 3.52 28.46 30.37 28.11 98.26 70.49 84.51 68.82 31.24 48.90 65.67 17.50 20.47 62.92 42.43 63.93 51.00 46.42 58.05 98.12 74.11 67.90 91.65 75.00 40.67 73.30 42.66 92.32 34.32 49.68 79.09 34.64 20.03 37.93 40.35 86.80 73.78 72.59 35.20 69.72 8.90 77.03 25.31 1.83 64.67 91.97 35.38 39.28 72.92 65.48 80.09 97.84 68.12 82.76 48.75 9.92 56.71 63.52 38.20 19.56 11.17 5.46 74.51 68.69 4.58 1.56 14.22 77.70 51.20 9.69 65.73 73.47 68.75 2.40 21.33 8.82
68.04 27.94 75.16 40.72 40.88 5.04 41.07 76.42 28.12 2.86 90.24 81.85 71.64 56.06 42.01 92.64 31.33 86.14 67.93 21.83 13.49 21.94 13.90 59.52 18.60 51.15 99.39 17.63 61.57 18.53 21.90 10.49 67.51 36.38 44.95 11.71 96.31 23.06 97.41 78.03 98.94 34.90 62.65 80.90 58.82 7.41 85.35 36.18 21.20 71.29 74.24 72.75 63.78 58.77 28.90 30.66 11.69 66.14 68.67 29.30 49.84 87.84 91.81 96.43 36.02 87.96 43.15 98.45 67.50 24.57 18.13 62.78 4.67 92.67 81.64 32.76 4.49 1.31 29.49 45.89 67.12 50.51 70.88 75.82 48.70 23.58 59.85 28.94 43.50 60.53 53.88 36.03 88.52 28.19 27.78 29.65 93.69 52.53 20.96 47.95 88.50
50.77 29.02 46.23 55.39 24.04 76.50 38.26 21.14 76.07 50.19 69.79 45.72 31.43 79.60 13.75 76.47 31.74 46.76 79.43 2.53 84.96 70.59 0.75 69.96 62.19 12.93 4.83 7.55 45.06 71.81 38.95 4.08 76.80 77.75 84.07 27.47 20.17 58.58 32.91 26.63 75.33 88.35 60.94 6.51 60.83 86.22 68.10 17.02 10.78 80.59 19.71 46.48 91.37 4.45 64.39 60.12 89.82 37.30 57.36 74.39 79.01 59.39 67.07 7.59 10.66 33.97 93.38 97.51 40.53 82.97 75.40 26.69 38.43 71.97 17.04 45.93 86.39 69.89 8.57 36.64 18.07 99.21 72.10 2.69 2.40 42.12 9.26 32.42 24.77 18.42 79.14 21.30 68.80 0.77 84.64 96.09 51.79 82.76 95.31 30.85 40.70
16.99 65.62 84.88 95.67 35.90 79.09 11.55 28.59 23.58 2.05 19.16 71.40 20.24 98.65 87.42 59.98 42.10 35.46 9.23 9.63 54.74 95.27 23.33 86.31 72.09 53.27 80.35 4.10 34.00 31.07 70.32 39.74 65.78 94.35 89.89 4.78 72.65 9.64 77.30 65.91 72.22 25.96 93.27 54.24 18.28 96.80 75.85 54.00 18.89 8.24 47.51 11.41 1.84 28.73 2.45 54.29 30.88 46.13 52.28 62.97 25.47 7.74 58.30 83.28 87.52 28.84 28.35 22.12 87.96 85.44 6.51 16.24 16.51 56.79 33.64 14.96 47.58 33.42 6.94 67.30 25.57 56.09 16.72 54.29 22.53 1.53 88.40 57.01 71.57 80.45 7.88 0.95 28.78 63.48 58.48 67.44 67.19 0.67 47.55 12.64 26.45
55.49 50.14 50.77 84.76 25.04 81.59 52.41 80.24 77.89 70.17 9.62 29.29 39.31 46.51 18.83 51.67 7.66 18.28 12.46 73.10 4.92 29.19 63.96 43.17 80.86 70.87 29.49 45.10 74.14 13.28 4.16 38.19 83.27 69.31 21.03 23.56 50.75 59.25 71.09 73.65 13.32 90.57 72.20 16.28 21.66 18.88 65.20 13.82 82.45 5.47 65.26 28.09 26.08 37.21 46.72 11.63 53.03 24.37 89.32 15.96 62.12 41.98 64.21 57.49 13.72 30.37 87.63 31.58 30.98 20.56 20.57 15.62 92.39 0.01 42.36 51.43 18.55 84.46 76.54 47.91 6.49 11.48 96.84 94.36 14.56 21.24 91.73 25.19 50.96 40.32 15.33 26.66 69.24 33.97 3.12 26.12 23.60 42.62 80.29 54.66 0.85
87.43 68.19 41.10 23.46 87.96 25.76 27.16 4.79 60.26 26.38 82.96 57.96 73.76 6.52 16.60 91.16 34.25 69.86 43.93 99.61 14.74 56.91 44.27 70.65 17.97 8.31 5.68 96.56 24.08 37.25 88.09 85.48 26.19 76.67 82.32 11.36 7.29 16.96 93.02 93.27 61.48 99.63 23.95 44.86 12.59 82.74 93.31 84.64 33.43 43.55 57.66 47.50 18.78 34.23 72.26 88.31 15.19 55.95 66.05 18.13 60.69 67.29 59.50 63.63 37.69 92.42 3.23 90.37 92.01 44.64 65.76 80.66 21.26 31.11 48.35 6.41 85.71 54.10 55.12 87.82 44.72 74.67 96.61 78.37 71.92 54.25 54.78 66.87 52.12 39.70 87.78 37.07 13.34 7.69 2.34 75.55 96.78 33.71 72.22 68.43 12.53
18.11 1.70 30.55 77.65 23.00 19.56 14.38 37.26 90.21 56.47 89.55 60.57 85.16 67.43 33.84 98.58 17.33 20.79 6.72 40.42 4.38 94.26 83.78 96.45 96.31 55.23 83.84 54.57 62.66 90.72 67.05 50.35 95.97 2.90 31.94 41.76 34.52 35.62 89.67 28.93 57.56 47.60 43.51 9.66 56.13 97.94 51.80 11.38 32.58 59.56 2.31 89.95 31.95 26.20 76.34 36.26 58.26 28.60 30.58 80.89 78.91 25.47 74.86 37.81 70.35 84.89 73.87 77.43 7.98 21.79 51.17 69.82 53.61 7.10 23.27 88.73 43.39 14.16 42.32 16.89 29.61 18.14 75.16 43.32 79.20 13.95 97.12 93.31 82.21 68.35 28.52 81.59 73.48 71.88 92.14 29.38 20.36 6.19 19.65 35.94 73.23
79.94 92.46 85.24 45.22 78.57 36.46 94.48 98.30 17.09 35.95 6.59 12.12 54.74 66.00 18.28 75.26 74.85 7.84 87.17 1.34 85.58 36.90 23.00 30.62 58.69 35.73 24.79 20.48 59.52 47.19 91.95 15.46 71.31 33.86 87.62 37.28 67.04 59.04 82.15 85.74 31.75 55.03 55.18 90.92 88.64 94.47 84.03 7.37 32.02 30.05 96.89 90.93 20.15 18.57 18.73 48.79 31.26 94.69 88.06 3.43 35.69 10.17 72.84 61.03 87.40 4.15 63.39 25.02 88.00 20.07 70.70 45.32 26.25 35.00 8.04 44.06 46.39 16.75 84.16 8.14 48.19 74.65 86.09 89.55 72.08 19.51 79.79 3.82 72.27 98.28 6.59 67.41 31.12 19.27 3.73 64.59 17.87 33.31 27.05 84.35 8.53
44.78 86.69 3.90 18.19 23.87 11.33 94.49 59.15 77.42 67.92 89.77 92.93 5.22 7.59 23.92 21.54 61.89 67.79 29.66 10.27 47.16 67.93 14.38 98.49 62.45 20.51 85.44 64.91 36.78 23.23 2.44 88.05 75.10 47.87 84.89 92.34 32.24 91.37 53.23 20.69 65.54 4.95 31.37 23.96 69.36 66.69 88.93 8.11 44.50 13.33 51.16 29.60 5.76 96.92 54.83 79.59 80.67 81.79 78.15 47.67 2.55 47.67 22.80 5.77 51.07 14.48 76.20 2.68 43.39 54.35 32.32 10.05 28.95 6.67 98.83 10.34 91.20 61.63 69.03 67.36 9.19 27.94 86.50 70.13 82.29 50.41 80.68 90.52 71.16 92.87 1.41 45.42 57.97 52.25 30.71 4.04 79.14 19.25 99.73 30.96 82.65
33.69 51.36 89.22 5.48 20.21 73.78 41.38 8.05 5.74 73.98 61.51 14.25 79.61 5.29 37.29 87.07 95.32 65.43 54.08 7.97 53.67 65.41 34.16 37.56 30.21 54.49 78.17 46.26 0.17 16.81 36.76 5.82 63.93 5.37 90.74 82.10 26.25 28.88 67.65 19.95 32.33 57.19 73.03 60.63 13.80 60.93 64.47 82.48 47.80 50.90 46.52 5.51 82.33 32.92 14.70 50.40 30.84 43.75 26.51 92.72 89.37 83.64 27.93 2.77 79.24 11.24 13.08 11.90 68.40 16.41 45.62 95.77 74.72 36.57 19.64 15.20 4.16 32.29 88.38 5.32 27.06 87.60 38.91 53.55 45.63 50.80 40.70 57.11 55.76 81.30 46.48 0.56 56.34 18.11 73.26 44.20 9.13 35.69 41.82 63.77 57.08
2.33 2.71 2.67 32.12 21.00 9.32 26.74 83.56 77.48 78.67 88.74 51.41 4.82 28.20 21.48 19.42 66.46 96.33 69.23 77.72 85.28 0.26 18.18 23.81 45.05 40.45 32.17 99.38 67.51 17.32 71.89 3.44 18.11 75.99 25.54 72.48 43.67 44.50 29.14 68.18 94.92 81.25 4.63 63.46 37.13 97.22 93.89 67.30 2.06 68.63 16.72 79.16 84.07 5.64 31.07 13.37 33.84 92.78 23.41 84.43 52.63 66.59 7.63 93.54 40.19 46.32 60.35 7.20 99.59 83.05 70.99 68.39 52.00 43.08 34.52 31.03 64.47 91.09 65.13 58.25 44.06 88.74 58.97 75.22 1.17 74.33 84.02 17.04 35.44 39.09 25.15 62.38 47.14 65.87 62.72 93.57 27.37 45.68 12.59 73.52 23.31
29.99 37.80 5.84 80.42 78.63 89.09 36.23 90.58 11.65 78.09 53.58 50.20 18.46 99.56 31.17 26.57 70.02 55.06 85.25 79.44 96.93 65.24 74.90 43.12 18.05 69.37 60.24 59.89 72.84 27.89 47.13 55.54 60.48 93.43 96.60 97.34 39.10 66.07 26.99 25.43 87.89 98.37 87.02 97.96 85.64 65.84 27.86 40.76 8.40 68.48 52.36 42.13 99.79 78.97 69.57 83.39 16.76 3.20 32.63 45.76 4.16 68.66 88.21 84.24 1.05 6.52 15.56 9.14 32.06 42.71 83.38 65.79 86.77 63.98 2.57 53.22 40.35 74.24 2.98 72.19 18.49 7.09 12.33 43.49 59.86 9.91 65.42 86.85 79.04 65.32 21.72 1.30 83.28 65.58 19.45 37.49 46.06 5.50 44.38 2.64 10.84
90.54 9.56 41.37 88.73 86.22 58.82 46.75 64.53 11.71 33.28 69.84 22.18 86.85 35.27 1.52 18.82 27.36 9.52 78.12 4.00 25.01 25.58 78.70 73.50 6.51 38.09 83.84 40.01 74.24 90.69 74.11 61.57 81.96 79.03 96.28 18.19 48.60 38.68 75.43 77.34 63.22 73.35 1.11 38.88 84.38 89.27 65.64 0.25 86.89 51.19 82.67 32.24 59.21 25.71 64.14 6.23 4.53 27.54 83.75 63.40 48.70 34.28 5.16 66.51 8.09 85.45 2.83 25.01 20.59 31.23 53.87 33.94 92.77 46.73 28.85 17.34 66.39 77.23 59.81 16.82 57.41 30.14 13.49 15.82 70.52 79.31 47.99 40.25 42.41 97.13 80.93 26.16 16.93 80.35 47.32 94.94 5.10 84.97 75.11 26.89 70.40
33.28 36.00 56.71 73.53 32.60 27.55 44.50 99.48 72.56 79.14 48.51 94.44 92.28 63.50 64.35 45.88 32.21 71.85 9.57 13.18 19.60 31.94 96.50 93.63 10.79 44.83 19.76 21.19 43.50 55.66 86.58 88.39 2.13 24.39 67.95 32.16 49.34 11.85 98.85 74.09 26.92 46.89 5.57 55.87 79.20 90.26 88.39 60.44 1.92 60.67 37.58 59.50 69.89 38.94 10.93 78.05 46.52 15.54 51.01 16.47 28.22 97.45 70.08 20.98 26.96 39.71 80.99 42.77 43.98 17.51 2.09 76.85 37.91 4.24 14.24 20.78 40.29 71.27 98.15 44.38 21.66 75.01 30.08 10.60 61.48 46.95 64.12 38.52 24.72 52.18 78.99 48.89 98.53 32.12 17.81 82.97 91.97 97.10 98.58 35.17 73.05
51.91 84.30 23.77 90.28 98.32 46.81 67.11 5.70 31.99 89.27 65.51 29.47 17.84 15.96 94.53 94.73 96.94 6.69 55.28 81.03 30.38 86.31 51.00 83.40 28.09 3.36 81.37 79.56 65.75 83.60 32.85 36.05 42.88 73.88 92.83 43.83 85.33 42.10 66.16 24.01 45.17 48.89 21.76 94.34 1.21 56.50 47.75 36.99 13.20 90.74 43.06 58.43 32.86 21.37 23.68 81.85 24.94 76.72 71.72 62.84 1.25 58.13 5.31 68.95 21.01 69.76 97.57 13.77 60.47 29.51 22.75 86.02 5.03 76.60 57.54 64.51 66.92 41.47 15.93 59.40 81.57 93.55 45.43 70.46 85.90 32.68 63.10 2.94 31.47 39.63 59.19 31.74 35.79 51.47 46.84 54.33 24.80 77.33 85.67 23.28 1.24
69.68 20.28 57.59 98.86 71.18 20.78 22.88 12.36 94.48 87.59 34.64 80.81 7.75 31.46 39.77 63.71 27.60 67.44 44.65 2.28 24.48 1.39 73.50 32.10 91.09 66.28 97.72 9.48 27.13 23.88 64.19 42.40 43.25 97.54 0.80 66.56 37.59 51.67 27.18 57.15 47.79 83.48 48.83 16.99 31.79 42.67 62.82 31.68 80.46 44.70 53.14 32.33 15.12 93.18 3.74 56.62 73.22 77.10 7.55 48.59 35.25 58.53 99.55 88.05 95.86 16.29 91.86 90.04 32.59 61.37 39.21 65.03 75.10 89.59 12.82 80.55 28.14 87.28 10.70 14.71 51.33 55.42 82.72 42.43 48.91 68.04 98.35 44.87 72.64 30.34 35.37 82.72 90.78 52.32 17.57 24.03 26.54 3.43 79.60 67.06 40.25
18.91 63.87 87.12 49.01 9.08 38.27 90.31 80.99 5.61 47.23 38.90 0.04 31.44 62.41 36.94 78.79 5.78 0.91 65.19 83.30 64.17 44.29 49.55 19.81 69.73 98.14 3.42 60.99 18.74 57.70 22.27 92.28 93.64 95.05 58.44 68.98 66.72 33.77 54.36 24.68 7.39 26.36 62.29 21.78 96.42 0.37 28.71 84.51 0.00 88.58 71.46 5.23 7.02 9.10 27.84 64.66 82.48 10.76 1.66 56.50 40.24 49.73 87.46 57.24 88.26 12.64 0.06 31.69 49.42 52.16 87.43 14.87 11.04 50.38 55.11 60.91 6.23 75.85 80.32 99.55 80.22 49.74 43.76 90.88 44.77 86.81 57.39 18.96 73.77 26.83 16.22 14.96 43.21 22.03 52.15 50.32 68.60 96.25 18.27 90.78 51.45
42.95 41.42 81.34 51.67 28.50 66.87 50.99 45.28 5.25 67.30 23.43 60.75 29.49 24.93 68.03 67.30 5.37 11.34 34.71 81.27 22.73 4.86 10.40 87.67 64.21 88.97 2.70 56.82 34.89 47.38 78.70 46.77 17.45 21.41 37.28 32.10 6.08 45.28 42.90 49.62 22.21 25.05 99.10 1.83 65.20 76.59 89.63 8.46 1.15 88.46 65.66 47.03 42.85 25.25 6.89 72.80 24.15 36.82 34.83 58.88 21.72 89.39 6.39 47.05 27.44 83.84 65.82 50.01 24.48 76.97 83.23 95.55 70.22 71.28 57.72 53.37 39.15 89.00 13.26 35.17 28.82 95.85 65.53 8.54 82.03 90.27 87.75 15.39 28.35 23.69 53.65 35.53 98.07 67.51 85.73 85.88 11.81 92.32 86.91 96.16 42.17
98.75 75.12 83.72 51.54 46.76 0.06 59.09 42.86 37.48 68.36 3.00 15.14 69.45 83.04 58.93 54.98 22.50 24.07 94.39 7.37 66.45 79.61 73.62 62.68 67.27 48.86 60.49 4.39 93.82 82.31 29.87 58.17 78.33 74.82 15.47 32.95 33.70 77.33 72.38 94.62 80.73 42.71 82.33 62.95 88.50 71.43 79.87 72.43 80.90 72.67 27.63 87.52 12.53 6.44 18.61 13.10 67.05 22.44 33.84 90.60 81.11 61.18 33.40 20.53 47.04 33.04 9.00 2.01 97.26 40.91 76.13 29.86 23.81 61.98 34.07 40.04 35.80 54.32 71.75 43.80 8.22 3.96 47.66 41.52 24.99 77.94 21.84 56.45 69.49 99.10 68.28 79.40 65.71 8.13 45.57 64.62 23.06 28.60 54.16 67.83 51.01
88.07 0.49 58.25 66.70 55.99 97.96 0.44 54.73 45.55 96.86 87.32 48.92 89.84 7.72 74.01 1.90 46.64 39.75 25.92 59.25 81.08 11.59 85.73 52.54 24.01 74.27 23.82 68.69 58.97 62.21 0.19 86.38 41.10 37.64 16.02 20.08 0.94 44.35 83.03 62.24 36.33 36.10 88.72 64.46 45.51 95.58 85.63 48.09 4.65 9.36 82.82 84.92 42.66 14.51 67.45 38.67 16.76 82.58 34.98 7.85 41.69 56.46 55.73 60.53 75.72 5.81 56.13 1.84 16.69 16.68 42.80 64.63 11.09 80.94 47.44 63.99 29.37 1.08 20.83 6.39 10.56 76.15 53.89 93.72 29.43 84.36 54.10 13.30 89.12 27.90 55.24 54.10 92.55 55.80 88.75 40.01 95.67 30.30 94.60 20.72 5.14
