9 9
17,57 -73,11 -81,79 58,95 61,14 -78,90 -78,98 29,84 81,18 
-8,41 -71,49 -97,88 -91,27 -1,07 48,28 -94,84 -50,60 -21,69 
-18,00 -19,99 3,82 88,51 -87,35 -39,84 -51,50 82,35 -6,89 
26,92 33,43 -20,19 -57,96 70,72 52,92 -74,80 -46,51 89,44 
-54,45 -90,42 26,39 55,12 79,74 -60,41 -79,69 -19,66 -18,80 
-65,89 43,43 15,36 -41,77 -70,22 79,50 -92,53 -18,48 76,86 
59,40 53,61 74,34 6,58 84,08 77,68 -30,29 51,11 4,88 
-36,35 90,32 97,63 67,42 75,75 8,12 -42,39 25,57 97,19 
39,14 32,48 -68,51 18,25 -69,70 -42,77 -91,92 5,40 94,12 
